processing pw-10n_640c_1o_10p_16tg_64diag.out
processing pw-10n_640c_1o_10p_8tg_64diag.out
processing pw-1n_60c_1o_5p_1tg_9diag.out
processing pw-1n_64c_1o_4p_1tg_16diag.out
processing pw-5n_320c_1o_5p_4tg_64diag.out
Cores  MPI    OMP    Pools  TG     Ndiag  NBgrp init_run      electrons     forces        wfcinit       potinit       c_bands       sum_band      v_of_rho      newd          PAW_pot       mix_rho       init_us_2     regterg       cegterg       sum_band:bec  addusdens     h_psi         s_psi         g_psi         rdiaghg       cdiaghg       h_psi:pot     h_psi:calbec  vloc_psi      add_vuspsi    calbec        fft           fftw          fft_scatter   PWSCF         
640    640    1      10     16     64     64    10.33000      292.86000     11.93000      2.74000       0.91000       224.61000     41.11000      1.21000       20.79000      0.00000       1.12000       0.88000       0.00000       183.40000     0.49000       21.97000      71.26000      12.04000      0.14000       0.00000       76.15000      71.03000      11.10000      46.82000      12.96000      16.60000      3.19000       47.61000      15.88000      400.29000     
640    640    1      10     8      64     64    10.04000      292.49000     12.10000      2.80000       0.72000       224.64000     40.56000      1.22000       20.87000      0.00000       1.03000       0.88000       0.00000       184.47000     0.45000       21.94000      72.84000      11.63000      0.15000       0.00000       75.85000      72.61000      11.11000      48.69000      12.65000      16.74000      3.11000       49.24000      17.03000      406.06000     
60     60     1      5      1      9      12    21.61000      1542.72000    60.91000      10.97000      1.37000       1183.02000    253.25000     4.86000       98.59000      0.00000       3.73000       13.37000      0.00000       1024.46000    0.81000       113.37000     647.83000     106.75000     1.64000       0.00000       147.97000     646.17000     96.09000      438.30000     111.76000     143.45000     10.36000      439.79000     112.14000     1934.28000    
64     64     1      4      1      16     16    22.67000      1717.59000    50.52000      13.28000      1.16000       1392.37000    241.70000     3.82000       76.76000      0.00000       2.82000       12.23000      0.00000       1244.69000    1.09000       78.33000      758.87000     120.08000     1.83000       0.00000       212.27000     756.89000     106.21000     526.49000     124.14000     159.56000     8.18000       527.59000     147.55000     2064.91000    
320    320    1      5      4      64     64    11.05000      526.94000     14.25000      4.10000       0.73000       443.09000     57.40000      1.24000       20.72000      0.00000       1.05000       1.86000       0.00000       368.35000     0.79000       21.94000      150.11000     22.97000      0.28000       0.00000       147.60000     149.66000     21.57000      103.00000     24.86000      32.14000      3.34000       105.88000     35.28000      637.85000     
